image_width: 640
image_height: 480
camera_name: camera
camera_matrix:
  rows: 3
  cols: 3
  data: [686.138503, 0.000000, 337.990169, 0.000000, 681.915872, 232.717256, 0.000000, 0.000000, 1.000000]
distortion_model: plumb_bob
distortion_coefficients:
  rows: 1
  cols: 5
  data: [-0.021600, -0.036283, -0.005842, 0.005524, 0.000000]
rectification_matrix:
  rows: 3
  cols: 3
  data: [1.000000, 0.000000, 0.000000, 0.000000, 1.000000, 0.000000, 0.000000, 0.000000, 1.000000]
projection_matrix:
  rows: 3
  cols: 4
  data: [680.450195, 0.000000, 340.421682, 0.000000, 0.000000, 678.773315, 230.533142, 0.000000, 0.000000, 0.000000, 1.000000, 0.000000]
